2.5135343
3.1753688
2.9280877
2.98731
3.05906
2.5149572
2.7502217
2.8980505
3.0788355
2.4852462
1.8914437
2.743596
2.6297379
2.0965748
2.3265467
2.0881114
2.199974
2.3438613
3.1773734
2.586969
2.237886
3.1587763
2.772852
3.412063
2.3830652
2.756857
2.4513254
2.316431
2.048592
2.6106381
2.902269
1.4804622
2.7627697
3.0304394
2.109385
2.3669014
2.409894
2.686162
2.8970904
3.2305799
2.4685507
1.6829875
2.3639922
2.3901546
2.993506
2.4695306
3.2349095
2.155814
2.317214
3.178484
1.9307351
2.135192
1.7360864
2.699152
2.3778887
2.8921642
2.3929448
2.7280097
2.6689248
3.003872
2.9817061
2.5568337
3.0880702
2.583091
1.144893
3.0771697
2.2591438
2.9349718
2.5551672
2.6727095
1.6862681
2.590065
2.6878107
3.1001747
2.2998977
2.8868341
2.8506222
2.0202122
1.6764612
2.3765676
2.9542558
1.9923724
2.3309453
2.8195367
3.3117528
2.9692893
2.2850494
2.5787506
2.616154
2.5404668
2.335579
2.55904
2.382924
3.0178952
2.3828769
2.5096092
3.141518
3.2638168
2.0404344
2.8414001
2.8537345
2.5529208
2.9482965
2.4099603
1.5026001
2.6565075
2.9649816
2.6154206
2.6743174
3.2239034
2.6385126
2.2554805
2.294242
3.0661578
2.4936728
2.9288054
3.2908483
2.7163544
2.670047
2.7426548
2.917542
2.7000308
2.0396726
2.599742
3.4621744
2.057511
2.7981477
3.5898705
3.0972712
2.6697366
3.4937859
1.7955875
2.185174
2.2270231
2.8705897
2.370541
3.1020012
2.2561283
2.6694145
2.708468
2.0398514
2.7245064
2.2835898
2.2980168
2.6737747
2.3208406
2.5397906
2.8807907
3.0467103
2.7970552
2.265856
1.9466462
2.6316347
2.6412716
2.5869603
1.8941364
2.716342
2.199354
3.0965867
2.1717048
3.3766232
2.9395013
2.6921556
3.1147647
2.6850898
2.2252455
2.3618684
2.7484837
2.740685
2.1949842
2.7575533
3.25617
2.9574351
1.5409653
2.9521341
2.3095164
3.2107344
2.0529237
3.3434362
2.8327663
3.705596
3.110336
2.225206
2.2534134
3.0129247
2.2746577
2.772142
2.8401375
2.791435
3.1426458
2.916556
2.4121308
2.9631152
2.681291
2.7253306
1.6228154
3.118103
2.7263317
2.823145
2.8661385
3.0612457
2.4770677
2.7768764
2.4476788
3.0557432
2.9371548
1.8009105
2.0124426
3.3785915
2.3958325
3.2949843
3.0492654
2.3888128
2.9055595
2.6407566
3.270238
3.0814419
2.4003289
2.8167722
2.393103
2.590224
2.5864172
2.6945815
2.933013
3.0077696
2.0771875
2.8595731
2.8283217
1.5720228
3.2556875
2.5692043
2.2727718
2.7091315
3.3381772
2.3652997
2.091969
2.9229994
2.7197313
2.7170641
2.4612193
2.4222596
3.2424593
3.1201534
3.0903592
2.7726314
3.6496863
2.3564317
3.036233
2.6652732
1.9412193
2.774957
2.5145469
2.5535197
3.0029025
2.0633616
3.0651562
2.492906
1.6563969
2.4644146
2.1294193
2.641659
2.087277
3.1621168
2.72794
3.3215327
2.282497
3.2646232
2.1652136
2.4603667
2.9835653
2.337256
2.6183262
2.7670665
2.6508424
1.653363
2.570363
2.6987467
2.5143824
2.9394135
2.5822482
2.7280035
3.2192225
1.8457137
2.795055
2.7370496
2.8653207
1.7379512
2.1991925
2.583312
2.9456387
2.650823
2.5932465
2.9596071
2.644903
3.0859928
2.536693
2.8492653
2.7935166
3.4511883
2.7543035
2.1574569
3.2287266
2.8289952
2.9818892
2.3205137
2.951118
2.2695632
2.5636885
2.4454966
2.8885562
2.642693
2.0238924
2.4853086
2.5333943
2.7810292
3.2182837
2.6391563
2.2316554
2.6105676
2.8270822
3.016636
2.5347457
3.3241105
2.1397352
2.6317613
2.995407
2.9866292
2.5482512
3.0726404
2.8478088
2.5529864
2.3646626
2.9877658
1.3756816
2.6365757
2.2169738
2.2970438
2.4884348
2.672183
1.8702505
2.6413293
2.1825252
2.5616403
2.1777506
2.7707067
2.3249755
3.250943
2.6750238
2.9318511
3.1107798
2.8398037
2.5752964
2.3706074
3.6164117
3.243843
2.950354
2.7024183
2.2296782
3.422772
1.8497039
2.6358924
2.3031745
2.2310247
2.083808
2.7501574
2.8617196
2.3345208
2.7856917
2.3329136
2.001132
2.8764763
1.667141
2.9887016
2.422255
2.3886929
3.0519257
2.7388296
2.858286
2.8909602
3.0888317
2.5559492
2.648202
1.4668481
2.8096237
2.5312772
1.9219115
2.625196
