3.3441389
2.983766
2.7868938
2.8241332
2.5122838
2.6703563
2.8165002
2.8028052
2.508412
3.1047254
2.9609342
3.4874163
2.84684
3.4775534
2.740811
2.9513469
3.052103
3.1853094
3.3860133
3.2221494
3.0040638
3.2051272
2.7420115
3.6366506
3.0692482
3.3475518
2.9277725
3.1769867
3.1160827
2.7559052
3.0954885
3.0321827
3.0553424
2.952108
3.2017262
2.3370686
2.738299
2.4766674
2.8890278
2.718473
2.8011494
3.456835
3.0792084
3.0298107
3.2103782
3.2048101
2.8138323
2.5247831
3.377831
3.0876293
3.2220201
2.319001
2.5251842
3.0774174
2.8154612
3.4651744
3.101787
2.924962
3.4710732
2.5249338
3.4777188
2.5913317
3.0876782
2.68823
2.9369133
2.947771
2.7057695
2.9120002
2.8710752
2.8354433
3.1604636
3.471768
3.1115937
3.0069804
3.0244215
3.4148035
3.104844
3.285931
2.870173
3.5386362
2.9305682
3.1349645
2.446432
2.7354896
2.6730742
3.4359667
3.0438414
2.7480283
2.9712105
3.0099099
3.3573399
2.9822946
2.919836
2.7041025
2.7629566
3.1389837
2.9317842
3.0301714
2.8320808
2.9884212
3.0552473
3.1623354
3.5094528
3.268401
3.0772312
2.9552512
3.186067
2.7990015
3.1261075
3.077083
2.7255797
2.7835085
3.2787356
2.867395
3.4026878
2.5767632
2.8668616
3.1872454
3.28222
2.8839064
3.7679272
3.1893017
3.1659677
3.0161958
3.1638472
3.1129932
2.838335
2.9969387
3.6800342
3.7690814
3.3565865
3.3685427
2.999503
3.2824752
3.152735
3.0534973
1.8536301
3.154198
3.292656
3.529365
3.444147
3.2909863
2.829256
3.1772552
2.9282608
3.0103927
3.385869
2.5749578
3.273521
3.4422646
3.0261672
3.2166114
3.3768754
3.106681
3.2666695
3.3459709
3.1326387
2.6404598
3.4550626
3.0571523
3.2095885
3.1938448
3.2501125
2.8481483
3.3142128
3.5176814
3.1901383
2.8551211
3.3879032
3.8193512
3.2966213
3.5382962
3.4517066
3.6081386
3.1477847
3.178079
3.0274255
3.0654964
3.3563724
3.2954185
2.694244
3.2419596
3.470394
2.8580952
3.0484366
2.8309798
3.358004
2.6892705
3.1311793
2.592823
3.3583019
3.093434
2.9341948
2.6962452
3.7222528
2.628524
2.99903
2.998836
2.7865279
3.2834334
2.919341
3.0885043
3.0980563
3.5234852
2.9576159
2.894158
3.3631363
3.241181
2.9394855
3.0495386
2.798173
2.6812072
3.4908602
2.9177804
3.1520905
3.33416
3.3370204
3.0706358
3.232975
3.4893537
3.4782848
3.4872408
3.4889755
2.9366448
2.7922072
3.19631
3.801992
2.9630089
3.078826
3.12072
3.414114
2.81835
2.8387542
3.2995517
3.3310704
3.5839338
2.7852187
3.1630704
3.4276314
3.0604
3.5017815
3.1808276
3.0456243
2.967491
3.4906855
3.253124
3.3301601
1.4445894
3.591424
2.8880033
3.4363527
3.4550214
3.1100552
3.1344595
3.4981122
3.5049825
2.8842337
3.3711424
3.0586233
3.2379365
3.0777926
3.1272082
3.0472016
2.9620667
3.4423602
3.1155858
3.287658
3.168706
3.661296
2.7141156
2.26738
2.159464
2.6423407
2.3043609
3.0698867
3.0959964
3.533074
2.874898
2.6407528
2.2235477
3.4102998
3.147883
2.8828087
2.3863263
2.5620494
2.9087408
2.7166197
2.7750163
2.8947644
3.167201
3.1053119
3.0570283
2.8430758
2.6257014
2.7276115
2.7926073
3.059903
2.9951723
3.3764465
3.0396812
3.20719
3.392057
3.7326434
3.5190659
3.418567
3.7280006
3.5791402
3.0971136
3.1994944
2.938589
3.1123872
3.4198318
3.3528812
3.325412
3.442585
3.4077778
3.1297307
3.3183184
2.9165273
3.044136
3.309328
3.2967076
2.9139726
2.967247
3.3310113
3.231241
3.1936688
3.331984
3.710397
2.7656927
3.571175
2.2438264
3.3545818
2.651269
2.9234467
3.1594052
2.6673741
2.6190639
2.7813647
3.0504212
2.8414826
2.946309
2.9627478
2.6429791
3.1849608
3.3208156
3.1623921
2.518316
3.0456185
3.553424
3.3589597
2.8831904
2.8073146
3.04556
2.9562252
3.2549937
3.0166717
3.088999
3.1101003
2.4362845
3.162144
3.094121
3.372369
3.2623646
3.4285645
3.1779675
3.3178282
3.3633971
3.147314
3.3256197
2.9869003
3.6669335
3.3571963
2.8207994
3.2506757
3.2024794
3.314426
3.1854272
3.1478994
3.362869
3.4004378
3.6769278
2.785434
3.17623
2.9746857
3.4186125
3.1449623
3.3523078
3.0901341
2.9456568
3.3655019
2.8914433
3.287731
3.290251
3.5037835
2.8636289
3.1906705
2.957232
3.1630821
3.0361013
2.3434458
3.3783035
3.4630103
2.6805868
3.4472103
3.1220813
3.1806426
3.450029
3.3412306
3.2611566
3.242652
3.3113701
3.474255
3.5523596
3.2339802
3.4430528
3.3998232
2.643296
3.171491
3.1045098
3.413107
3.4316502
3.445973
3.5002875
3.8031929
3.3861234
3.4252582
2.8525107
3.5439355
3.5566394
3.3827548
3.0282998
3.1616576
3.1424947
3.2196546
3.3301165
3.1013021
2.7719245
2.7985492
3.5891094
3.4781199
3.4294758
3.2120907
3.349978
3.4776626
3.194542
3.3442595
3.6068316
3.62965
3.0268793
2.9058464
2.759369
2.7746806
2.4982185
2.675744
2.8152604
2.464727
2.6066904
3.1849685
2.7319236
2.7023087
3.1730428
2.4985027
2.8861148
2.4992461
3.1294026
2.6974475
2.7652407
3.0651803
2.861709
2.41789
2.9715264
2.909277
3.258697
3.0103073
3.7198863
3.0277572
2.8070352
3.4013333
3.0862615
3.361597
2.5015092
2.9708557
2.2679434
2.5228148
3.0215273
2.7957997
2.2982843
3.3335147
2.6979187
3.0574915
2.8494987
2.9336734
2.4310355
2.927585
3.001638
2.7255683
1.742842
2.730061
2.6436987
2.2173784
2.8404589
2.4681935
2.9233937
3.0154066
3.104609
2.514223
2.7635298
3.223964
2.7994838
2.9377055
2.843045
2.9677682
2.8688092
2.8842301
2.9943447
2.3128157
2.8133268
3.6138809
3.085144
2.4937787
3.362995
3.166074
2.6593015
2.5148368
3.02069
2.8605285
2.9964068
3.4892013
2.6259837
3.177593
2.7695894
2.8870873
3.1516676
2.077934
2.3813562
2.730529
3.2649627
3.0184617
2.9164777
2.8547025
2.98312
2.88583
2.6634083
3.0392995
2.2691374
3.4369874
2.4361482
3.0667076
3.0460658
2.574257
3.0760603
3.2228932
3.2083511
3.1317532
3.1233609
2.3063312
2.592297
2.9680972
2.9591618
3.2978253
3.2103286
2.4401739
3.3262868
2.8817296
3.2518146
3.1164591
2.743888
2.9116538
2.8978271
3.8968968
1.8464935
3.224626
3.3139398
3.597413
3.425389
3.0999117
3.501891
3.3937905
3.125708
3.3646483
3.3291097
3.6833792
3.5998552
3.3120217
3.935412
3.0346298
3.6586785
3.741733
3.4673877
3.3050175
3.1896176
3.307033
3.0479293
3.0583954
3.1233504
3.2919226
3.2900643
3.5091398
2.7408564
3.6569486
3.4605913
3.2092729
3.3360088
3.6894217
2.2552829
3.085718
2.8764992
3.1291757
2.7425132
3.0321815
2.8718123
3.3543897
2.6547785
3.4851627
3.2143402
3.0449657
3.2762418
3.2500505
3.4038372
2.7862105
2.8820693
3.016871
2.5317369
2.909218
3.2131205
3.3480947
3.2102427
2.7829022
3.100684
2.809945
1.8766198
3.3519676
3.1380386
3.0390487
2.7673788
3.0845609
2.840325
2.8612924
3.1285677
2.4729075
3.0498135
3.2735357
2.3601484
2.9395435
2.5915432
3.1381745
2.1995044
3.081448
2.0595999
3.0058696
2.2842643
2.415203
2.5431747
3.2203784
2.4620304
2.5693705
2.0574346
2.7293246
2.2274604
3.4101157
2.395627
3.0637047
3.3431482
2.9974315
2.9480362
3.020161
2.8712459
3.0701756
3.306263
3.7627773
3.1467717
3.6711879
3.2141235
2.94805
2.7813718
3.1118846
2.9246006
3.2384496
3.1986408
3.450935
3.0471199
2.396647
3.1594796
2.3622131
3.7634282
2.974983
2.6751952
3.5696392
3.0325375
2.7559988
3.3493948
3.1769576
3.215001
2.6806498
2.7789166
3.4124649
2.7174935
3.4083128
2.6866477
3.0465941
3.2791634
2.7652674
3.1073065
3.2596173
3.2362738
3.2043955
3.362598
3.2433932
3.4200134
3.2733169
3.1371412
3.0489783
3.0408087
3.0042083
3.2261987
3.067296
3.0654478
3.259812
2.6212902
3.864326
3.3920112
3.8887167
3.5006595
3.2914605
3.3324564
3.174721
2.720114
3.4968843
2.9578476
3.3032818
3.6294374
3.5156772
3.1919188
3.390221
3.4904048
3.436262
3.4233572
3.3029861
3.3414736
3.1072366
3.4877346
3.6247902
3.25912
3.6586368
3.361142
3.2582383
3.7798705
3.267152
3.2581387
3.1024795
3.1096401
3.137189
2.6612537
2.898594
3.137036
3.3273997
2.5870414
2.7209568
2.8760695
3.2789662
2.998551
2.8179321
2.2035165
2.6272378
3.2654681
2.9393783
3.2737484
2.5346677
3.2483282
3.2698116
3.1028101
3.024742
3.0472288
3.2091
3.4180195
3.0758457
2.9996576
3.8265247
3.0809338
3.3124156
2.6866856
3.1651049
2.7751393
3.048849
2.8240957
2.7036586
1.9863968
2.5045495
2.8867707
2.9893193
2.6925483
2.9579406
2.6454937
2.823077
3.137917
3.1789806
2.2211514
2.958054
3.3268573
2.8187685
2.4958858
2.6776881
2.8403938
2.8471384
3.3633003
2.6282215
2.7769885
2.244492
2.5310078
2.7680538
2.6476378
2.9896245
2.9378204
3.0994277
1.7200658
2.4599314
2.3016005
2.2892718
3.1119242
3.140637
2.3856428
2.6649098
3.1690054
3.1492991
3.0764809
2.025774
3.2957053
2.7758033
3.0442288
2.927089
2.6313353
2.6555288
3.0345628
2.5983374
3.5401928
2.5345047
2.7034135
2.772059
2.8034985
3.2766833
3.1185184
3.1682854
3.0955453
3.0055723
3.0231137
2.989429
2.679833
3.1788163
3.2118201
3.2638044
3.0788343
3.2201567
3.0904837
3.000997
3.1056957
3.2451928
3.0775733
2.971108
3.4501944
3.4056973
3.0744114
3.1981955
3.1599927
3.2614422
3.205213
3.2490587
3.0299652
3.4736485
2.8814285
3.4898167
2.8253684
3.484483
3.4112973
3.2734816
3.2117786
3.293797
2.9494877
3.3949032
3.76988
3.4187493
3.2265983
3.614443
3.2908554
3.41139
3.8258104
3.5106788
3.459704
3.1864953
3.3741202
3.000755
3.7699795
3.133071
3.4557025
3.576878
3.1419864
2.9862156
2.7300825
3.4055917
3.0063438
3.2163363
3.1273549
3.6239529
3.7003126
3.2883987
2.9712586
3.2814617
3.0096977
2.9627569
3.6856613
3.4663315
3.1881838
3.2205257
3.3516877
3.0010376
3.771571
3.644682
3.4059
3.733973
3.530225
3.792561
3.0863748
3.1051593
3.43083
3.488903
3.4291694
2.8502598
2.9493976
3.4812143
3.3641567
3.2556186
2.8534045
2.6295211
3.0870874
2.8798656
2.0533822
2.551549
2.7242334
2.9312491
2.353694
3.2924135
2.8076174
3.3191934
2.8381176
2.8674703
3.334567
3.1466851
2.8854518
3.114513
3.3092723
2.9408882
3.4765472
2.9179358
2.8315048
3.2795808
2.405943
3.1958926
2.9475198
2.7716875
2.5546436
3.5553777
3.285397
3.2330008
3.245648
3.062438
2.0367613
2.8458495
2.9755304
2.9324658
3.2130687
3.1182587
3.375007
3.0841627
2.9671516
3.3006136
2.7147427
2.9274228
3.0654473
3.4444437
3.3627052
2.5383496
3.206768
3.0758352
3.5198283
3.4149117
3.3290973
2.9853692
3.5428257
3.733832
3.1237524
3.297639
3.3653293
3.3283167
3.210761
3.4202032
3.318266
3.1616874
3.0638638
2.891787
2.9848628
3.4252677
3.2481503
3.5928717
3.071106
3.2155414
3.594292
3.2036757
3.189235
3.4243271
3.2505121
3.1294136
3.521141
3.2671423
3.3852644
2.9479752
2.6553
3.5657814
2.6132076
1.3194351
3.1253333
3.4046106
3.720512
3.4866505
3.13207
2.969432
3.5066857
2.9579616
3.0790634
3.571909
2.8563128
3.4298067
1.5898111
3.7758868
3.4725828
3.5367312
3.6887321
2.6124158
3.5159926
3.4917173
3.469648
3.6513405
2.7897186
2.9604802
3.1486433
3.4903107
3.661807
3.2810664
3.6973553
3.5967917
3.4612174
3.5401735
3.2415402
3.1611228
3.247343
2.7153325
2.4749541
2.954718
2.7480214
3.0185723
3.229056
3.4873924
3.7270133
3.2269173
2.7613015
3.0748081
3.344314
3.0733743
2.823689
2.9276094
3.0103154
3.206541
3.2088847
3.0313568
3.4690638
3.4121718
3.2474887
2.9406853
3.3378534
2.9690044
2.819106
2.739338
2.7308493
3.5577135
2.6345215
2.9724224
3.1131005
2.262145
2.7242265
3.1403904
2.868488
3.0755267
2.7471356
3.0201616
2.272948
2.4278612
2.5610104
2.4158602
2.9725685
2.5978727
3.1856031
2.813318
2.4320743
2.6346784
2.8506055
1.9791727
3.1001775
2.2295861
2.624311
2.537497
2.3966599
3.0127614
2.86902
2.670863
3.0410442
3.2239509
2.5386548
3.0242167
2.917988
2.825213
1.8774357
2.6707497
2.6843636
3.5972795
1.2078611
1.7832165
2.410923
3.1788454
2.607513
2.6903594
1.2916293
2.7284546
2.1564274
2.3897972
2.7582254
3.0016334
2.9079626
2.952373
2.395341
3.3407712
2.528904
3.8352625
3.219658
3.3245778
3.175564
3.3932776
2.8822994
3.2942014
2.9873066
3.1828742
3.5155528
3.374684
3.54214
2.822494
3.1375318
2.9546497
3.6872764
3.3883088
2.7303574
3.6583633
3.0737236
3.1044824
2.8030353
3.0332937
3.343288
2.9605458
3.2418156
3.4668188
2.975523
3.3281646
3.0328445
3.8042831
3.3281806
3.380743
3.5591402
3.74811
3.6906197
3.4909313
3.2157168
3.4029193
3.5420523
3.0656528
3.2586083
3.4607744
3.3974478
3.002587
2.8447883
3.434809
3.0227566
3.2885816
3.3909721
3.7104666
3.5071654
3.4915595
2.8435006
3.8899667
3.8546665
3.3543499
3.260268
3.4809504
3.4299173
2.905855
2.8274627
3.0643816
2.9766564
3.0234683
3.0016127
3.0224676
3.0071056
2.8664212
3.2602959
3.3297713
2.9421387
3.1619546
2.4719014
2.565012
3.4102457
2.987799
2.9686177
3.1376333
3.0123396
3.0607128
3.246554
3.159536
3.0921836
3.3759327
3.162989
3.459866
2.6708024
3.1818452
2.9572546
2.7373457
2.839188
2.8450165
2.879005
2.8201466
2.802575
2.1457632
1.3344781
2.7390127
2.679797
2.642665
2.2536821
2.7701006
2.703892
2.767283
3.0779638
2.950045
2.4770818
2.4596462
3.0430565
2.3743408
2.8986354
2.5311882
3.0226958
2.6815448
2.9576368
2.4402242
2.907217
2.8769362
2.9491348
2.7784367
3.068138
2.5675278
3.3876472
1.6755145
3.2160811
3.13971
3.4865513
2.7987614
2.203484
3.1334636
2.8878636
2.8429034
3.9159698
3.041657
3.4996462
2.7412848
3.0916798
2.8745916
2.7890005
2.527741
3.1441112
2.8850641
3.1561565
3.9035578
3.1326475
2.8314953
3.2571545
3.0151334
2.710672
3.4460073
3.7446675
3.6485229
3.5935545
3.3827868
2.1620703
3.267035
3.1926394
3.4662085
3.532381
3.4718952
3.556758
3.6991768
3.1802664
3.524105
3.5324345
2.8516417
2.6370797
3.7032826
3.3194919
3.2121801
3.324213
3.3668618
3.6074023
1.8029908
3.334141
3.5117898
3.5124164
3.3998163
3.253409
3.5115666
3.6006727
3.387319
3.251792
3.4271455
3.6911263
2.900039
2.8842783
3.0453677
3.5153193
3.5949445
3.656445
3.0759299
3.5070677
3.499833
3.8648906
3.6893406
3.512298
3.1557233
3.5912437
3.665442
3.6125898
2.8589447
3.371595
3.591313
3.6357203
3.4435792
3.4878912
3.3288298
3.3997517
2.8245237
3.5462856
2.5789514
3.0918937
2.9062152
2.897953
3.502931
2.3111353
3.325135
3.039543
2.7587428
3.2788296
3.282711
2.7355585
3.0664768
3.209928
2.4139538
3.430837
3.0220938
2.7029438
2.960452
2.868003
3.0810447
3.097849
2.6269722
3.345804
3.0304172
2.98604
3.203967
2.6353245
2.7444222
2.5421534
2.7512364
2.8775985
2.918924
2.2861848
2.5056853
2.5952122
3.5586932
2.966336
2.4766924
1.9296603
2.7092752
2.553766
2.5059562
2.988546
2.585207
3.5307343
2.8012595
2.6317923
3.231576
3.0411444
2.5804162
2.3883
2.9947355
2.8262372
3.1586783
2.5953083
3.01679
2.8707554
3.1105514
2.481041
2.7051864
3.4167523
3.1408226
2.729154
2.8249946
2.5998306
3.0500543
3.4023623
3.1863651
3.5841947
3.3403423
3.189222
3.107574
3.7094178
3.2982347
2.9117384
3.1836896
3.2283385
3.2599509
3.2780466
2.827824
2.8832407
3.1439097
2.875285
2.6819272
3.2403135
3.3958786
2.7377415
2.9944215
2.8286405
3.50147
3.248488
3.4442816
3.1265378
3.188612
2.754391
3.2148051
2.6318154
2.7598872
3.0319169
3.393268
3.0656877
2.748218
3.58113
2.8539052
2.8209658
2.9845734
3.0081556
3.2156162
3.0231426
2.7381163
3.0851152
2.5416908
3.250518
2.922454
2.7941277
3.569326
2.8410578
3.4149153
3.159724
3.0779467
2.9353323
3.3688526
3.2851534
3.1035233
3.2057514
3.0807095
3.064221
3.1339793
3.11064
3.4110677
2.9522026
3.3204844
3.4003081
3.197599
3.1351209
2.4826074
3.6874952
3.197826
3.8510995
2.9434528
3.0722995
3.090452
3.695693
3.2541451
3.0056272
3.0545502
2.5937417
